1712Newton Falls St. Joe's 2004Record: 5 - 7Manager: Al RatiniBill Channell
200000101007.0
211000000006.5
413000001007.0
301100001016.5
000000000000.0
000000000000.0
000000000000.0
000000000000.0
000000000000.0
000000000000.0
000000000000.0
000000000000.0
Doug Cochran
211000100017.0
211000011006.5
000000000000.0
000000000000.0
202010003006.5
211000101006.5
000000000000.0
000000000000.0
000000000000.0
000000000000.0
000000000000.0
412001003017.0
Brad Dangerfield
000000000000.0
000000000000.0
000000000000.0
000000000000.0
000000000000.0
000000000000.0
433011003007.0
422000001007.0
423000001007.0
312000000006.5
311010001006.0
434000003007.0Ed Freisen
300000000017.0
202000000006.5
000000000000.0
000000000000.0
301000000006.5
200000011006.5
000000000000.0
403000003017.0
301000011017.0
000000000000.0
000000000000.0
401000000107.0Troy Heckathorn
211000001007.0
201000002006.5
300000100017.0
211000100006.5
220000100016.5
301000000006.5
000000000000.0
000000000000.0
301000001007.0
200000000006.5
000000000000.0
110000000012.0Jim Householder
311000000007.0
311000000006.5
433010005017.0
421001000016.5
221000011016.5
311000000016.5
412110001007.0
422010003007.0
322100011007.0
301000001006.5
322000001006.0
333030015007.0Bob Jadick
202000000007.0
201000000006.5
402000002007.0
300000000016.5
302000001006.5
301000000006.5
211000000005.0
402000001017.0
000000000000.0
300000001006.5
101000000001.0
301000000017.0Rob Medallis
000000000000.0
000000000000.0
413000000007.0
310000000016.5
221000001016.5
312000000006.5
212000011007.0
402000000007.0
301000012017.0
000000000000.0
200000100006.0
402000002027.0
Paul Pal
301010000017.0
210000100016.5
000000000000.0
000000000000.0
311010001106.5
311000001016.5
411000000007.0
412000002007.0
000000000000.0
302000000006.5
322101002006.0
000000000000.0Al Ratini
201000001017.0
200000000006.5
412000001007.0
313000000006.5
312000001006.5
201000100006.5
303000001007.0
311000100017.0
301000000007.0
200000100026.5
302100003006.0
300000000007.0
Tim Ross
210000000017.0
200000001016.5
400000000037.0
301000001006.5
000000000000.0
000000000000.0
000000000000.0
000000000000.0
000000000000.0
200000000016.5
211000000005.0
201000000005.0Mike Slabaugh
210000100027.0
301000000016.5
422000003027.0
402000001016.5
312010001006.5
000000000000.0
000000000000.0
000000000000.0
000000000000.0
000000000000.0
301000000006.0
000000000000.0
Jared Svette
301000000017.0
222100000006.5
433000000007.0
301000011006.5
212001101006.5
301000002006.5
312000011007.0
422000000007.0
423001001007.0
301000000016.5
411000000006.0
422000000007.0
Jeff Wilson
301000002007.0
111100011006.5
422000000017.0
412000000026.5
301000000006.5
312000000006.5
100000000002.0
413100003007.0
412000001027.0
312000001016.5
311000001006.0
423010002007.0Jim Wolfe
301000000007.0
301000001006.5
403000000007.0
312000101006.5
313000002006.5
311000001006.5
402000001007.0
320000100117.0
411000000007.0
000000000000.0
300000000106.0
433000001007.0
Brian Zeh
311000000017.0
211000001006.5
000000000000.0
000000000000.0
211010011006.5
311000000016.5
412000001007.0
433000002007.0
000000000000.0
311000000016.5
313000000006.0
433010001007.0Mike Zwilling000000000000.0000000000000.0
000000000000.0
000000000000.0
312000000006.5
212000100006.5
400000000007.0
210000200007.0
301000000007.0
302000000006.5
000000000000.0
300000000017.0
